9
121.639
0
106.709
4
116.867
0
317.749
4
129.114
1.90735e-06
286.946
4
143.987
3.8147e-06
328.338
4
156.255
0
300.002
4
97.1794
-3.8147e-06
229.407
4
101.51
0
194.03
4
124.942
0
226.081
3
241.139
0
392.342
3
240.028
0
394.891
3
242.09
0
396.215
3
235.631
0
461.059
3
232.299
0
461.262
3
234.547
0
463.662
3
192.669
0
441.767
3
194.545
9.53674e-07
439.216
3
197.321
0
440.151
3
124.667
0
473.248
3
129.074
0
473.01
3
126.221
-4.76837e-07
470.876
3
56.6702
0
438.246
3
59.478
0
440.049
3
65.5716
0
439.473
3
80.5421
0
416.385
3
82.4017
0
421.987
3
79.9043
0
421.331
5
401.038
0
248.677
5
396.198
9.53674e-07
253.798
6
390.57
9.53674e-07
247.795
5
410.476
-4.76837e-07
206.842
5
403.298
4.76837e-07
205.328
6
402.23
4.76837e-07
214.583
6
445.112
4.76837e-07
185.679
6
439.276
0
184.166
5
437.184
-4.76837e-07
190.946
7
381.093
0
79.1586
7
375.858
0
85.8294
6
372.961
0
82.9584
6
355.785
-4.76837e-07
58.3238
6
349.58
0
58.7781
7
350.197
0
63.5791
4
243.481
9.53674e-07
111.712
4
217.303
0
139.634
4
270.423
-1.90735e-06
142.475
4
240.803
0
150.961
4
177.932
0.157173
328.945
4
206.315
-9.53674e-07
327.318
5
361.712
0
239.289
5
364.069
0
232.321
6
356.454
3.8147e-06
235.488
2
356.568
0
357.624
2
436.991
9.53674e-07
366.991
1
440.002
9.53674e-07
369.987
1
400.036
0
442.05
1
367.124
0
449.719
2
375.996
0
449.125
2
351.534
0
409.181
1
349.077
0
424.548
