6
177.032
3.8147e-06
90.6842
6
190.976
0
89.0891
6
185.038
0
95.0983
6
149.863
-0.0746117
122.783
6
162.46
-0.333862
120.501
6
158.249
0.796978
127.136
6
125.646
0
171.734
6
139.962
-0.0362816
165.9
6
141.589
3.8147e-06
206.084
6
178.409
1.35435
189.453
6
115.882
0
136.322
6
105.233
0
123.858
6
203.648
0
125.903
6
244.05
0
111.85
6
250.487
2.61076
156.541
6
267.411
0
180.529
6
270.628
0
167.003
6
239.679
1.32296
179.224
7
418.686
3.27294
343.551
7
430.031
7.96741
328.719
7
432.39
8.46349
344.706
7
353.738
0.820251
398.97
7
364.579
2.79668
407.536
7
352.856
2.88501
412.746
8
454.656
17.7586
343.674
8
459.184
21.1174
336.836
8
452.926
2.6415
362.812
8
425.861
8.89695
460.122
8
424.08
11.7688
472.789
8
415.408
11.2275
465.928
8
382.619
1.59057
436.35
8
389.612
4.67418
449.437
8
375.233
3.14151
450.467
3
383.245
0
195.198
3
394.726
0
207.169
3
386.001
0
215.227
3
383.171
1.01266
115.698
3
386.722
0.169685
127.183
3
338.162
0
124.807
3
342.05
3.8147e-06
156.447
3
331.112
3.8147e-06
214.36
3
298.882
1.14677
124.723
3
324.899
0
100.468
3
363.228
0
267.519
